481 6 41 13 205 304 51 269 373 54 404 186 143 383
440 345 405
192 196 278 199 75 398 81 148 78 150 409 410 347 30 159 224 421 169 237 241 50 94 120 123 60
480 224 99 132 64 108 80 17 416 372 26 383
369 36 264 68 475 476 302
360 137 52 87
131 305 106 427 369 35 278 283
96 328 271 16 210 404 214 495 285 351 416 112 101 491 175 304 305 434 179 374 247 276
321 450 363 342 391 328 76 12 335 120 18 211 278 365 217 493 222 415 33 123 292 241 7 237 305 244 440 250 315
288 385 100 321 392 73 209 364 237 111 320 497 211 41
305 306 412 378 17
129 3 452 311 329 395 460 237 124 18 215 154 431 346 491 161 167 297 427 146 366 175 304 241 439 184 57 188 255
208 291 228 21 319
359 10 487 76 333 110 125 241 167
192 384 324 6 455 202 205 334 146 341 217 285 360 390 296 489 43 369 105 120 213
320 258 388 200 194 15 146 275 21 335 122 35 490 175 368 114 182 56 58 255 444 446 63
362 195 420
448 331 327 233 265 75 333 142 341 215 474 219 28 479 160 419 231 489 43 498 432 434 55 184 254
128 186 62 135
321 323 93 207
256 131 452 354 400 483 407 281 363 229 416 226 291 36 293 166 42 107 236 173 49 306 246 247 313
64 2 457 460 273 276 85 218 283 225 430 111 497 308 117 442 252 53
288 242 332 318
384 320 258 259 135 330 459 77 216 338 131 86 215 152 345 350 48 231 299 429 238 432 306 7 314 124 446 255
258 163 356 453 95
72 74 13 185 216 92 158 297 236 61 175 433 306 361 313 443 394
178
66 254
0 72 425 394 172 239 147 116 20 154 315
450 260 197 14 79 18 147 213 278 408 156 261 92 174 304 305 248
448 192 386 452 453 7 457 334 45 208 404 214 365 24 409 475 286 161 219 40 429 496 296 127
384 449 71 330 267 142 335 400 402 468 366 154 159 212 358 327 493 46 51 436 248 313 124 382
133 231 177 234 459 493 271 305 53 215 24
39 232 425 396 274 492 239 432 434 54 247 169 303 143 329
354 453 102 18 78 143 114 148 309 87 474 92
224 35 309 24 283 302
283 277 198 235
258 328 205 49 178 499 373 408 155 181
261 6 138 267 396 208 214 88 281 154 219 223 96 155 228 487 360 46 241 116 446
130 199 392 80 406 25 88 153 154 156 287 377 243 165 113 296 348 43 108 114 255 48 360 50 435 185 251 316 313 191
0 321 259 4 69 65 392 202 79 16 376 67 279 280 413 354 422 167 107 29 45 175 240 242 467 56 59 126 127
34 173
130 69 82 344 453 481 226 484 165 363 364 146 243 53 127 383
321 290 101 230 398 463 305 146 54 121 190
450 196 390 327 201 334 16 402 471 218 220 288 225 357 106 434 183 378 187
384 258 392 267 460 141 463 144 209 18 20 213 471 152 283 286 95 208 484 423 427 110 495 112 243 496 56 212 380
451 263 396 271 273 19 149 87 216 71 412 30 223 34 355 294 227 168 327 44 237 430 499 94 438 121 125 190 383
65 323 327 459 463 478 417 482 229 40 361 498 430 242 247 56 319
66 261 138 203 400 466 341 88 250 155 285 325 98 123 292 229 422 379 297 298 236 365 447 378 443 252 189 319
131 261 371 12 98 77 482 82 259 468 152 153 346 96 67 305 104 297 189 177 211 182 56 121 317
112 387 406 345 121 300 303
320 417 133 200 236 206 17 53 54 283
0 352 322 387 262 136 492 330 206 81 131 23 280 95 160 294 424 300 493 360 498 373 118 445 446
192 1 133 265 471 333 143 276 279 79 296 234 496 104 436 245 121 57 249 253 318 255
449 132 263 209 119 408 338 85 87 280 484 71 157 98 419 164 81 488 7 472 439 377 254
77
385 69 327 264 466 342 87 284 350 416 485 359 425 199 61 112 252 381 255
448 260 5 327 329 331 15 80 210 27 290 475 101 46 369 370 308 118 56 185 445
482 179 269
256 199 10 11 77 16 466 279 408 23 28 96 354 420 188 246 56 315 60 127
1 133 29 115 244 341 276 314 411 189 20 421
320 3 388 6 200 460 76 399 152 403 20 149 88 68 27 94 344 91 488 428 237 248 122 109
51 228 265 271 16 275 310 60
368 417 60 224 279
133 119 44 273 499 20 151 447
176 409 27 192
68 69 454 135 324 375 34 403 341 342 281 161 418 165 170 109 47 176 433 309 368 247 120 252 445
64 320 75 4 65 203 205 207 465 275 280 153 219 94 287 486 230 491 364 430 431 497 403 119
297 114 419 398
192 449 115 324 390 11 270 463 146 341 86 409 29 350 229 480 35 293 426 210 49 307 52 309 119 255 106 213
67 492 499 143 144 338 20 21 473 345 411 220 414 161 36 37 422 42 299 364 305 435 478 118 375 253
256 324 329 395 461 77 145 403 406 216 473 28 290 423 40 105 46 306 435 116 117 56 126
19 34 2 109 499 372 90 318
32 353 91 429 375
128 4 165 424 425 18 104 498 444 156 317
96 435 414 333 462 31
385 327 371 205 339 276 122 214 153 474 156 90 415 165 359 421 427 492 93 51 244 20 442 187
150 298 203 45 48 466 243 86 312 58 412 234 293
448 386 262 429 210 339 301 22 280 153 154 479 160 99 102 358 423 45 304 498 246 311 58 316
88 264 211 253 431
4 261 134 136 461 270 466 99 380 91 96 347 167 489 426 43 173 368 49 51 308 180 378 124 490 318 191
96 322 388 69 44 312 92 189
426 187 182 46 247
387 260 389 97 11 98 207 80 338 471 344 26 477 417 34 486 40 225 236 301 47 306 127
384 320 323 202 76 142 24 284 418 166 171 365 496 499 117 440 252 61 127
323 133 456 394 460 142 271 115 274 462 151 39 283 97 290 164 486 167 171 431 496 51 74 53 183 372 442 330 447
490 2 418 422 455
64 131 134 11 270 276 278 378 353 356 101 426 299 381 50 437 183 440 122 255 247 234 254 447
320 161 4 294 168 425 490 465 146 137 154 287 444 94 127
64 75 137 266 395 14 148 149 150 151 344 26 230 102 237 175 112 247 443 394 254 255
483 374 102 71 317 30
96 451 133 198 76 418 145 19 406 152 155 261 214 367 162 35 420 166 103 44 365 482 304 369 83 119 185 251 127
320 326 395 305 17 149 23 280 282 483 231 488 298 427 104 247 124 61 62
449 452 198 8 137 17 473 37 479 483 420 421 486 296 361 365 46 312 315 124 255
448 321 258 453 51 204 207 146 405 295 493 498 371 55 248 441 190
481 143 13 269 212 278 155 221 30 33 482 219 491 47 48 307 53 124 319
192 96 309 422 461 398 61
263 72 272 346 155 218 34 422 40 427 236 498 180 122 444 253
288 289 418 4 40 137 490 409 156 125
385 66 451 69 326 263 236 266 397 270 77 16 213 409 348 159 34 355 360 193 235 172 48 434 51 181 252 445 447
